
%37°48'11.76" N 122°22'20.83" W

format long; 
lat = 37+0.8+0.00326666667; 
lon = 122+0.366666667 + 0.00578611111 ; 